33651.582000     0.084471    -0.038439     1.324047    -0.457240     0.612791    -0.516570     0.385453
33651.582000     0.084471    -0.038439     1.324047    -0.457240     0.612791    -0.516570     0.385453
33651.662000     0.084877    -0.039001     1.324047    -0.454820     0.614589    -0.518086     0.383413
33651.762000     0.084911    -0.039008     1.324044    -0.454837     0.614578    -0.518075     0.383425
33651.863000     0.084943    -0.039014     1.324041    -0.454855     0.614568    -0.518062     0.383437
33651.962000     0.084973    -0.039019     1.324038    -0.454874     0.614560    -0.518048     0.383448
33652.063000     0.085000    -0.039024     1.324035    -0.454894     0.614552    -0.518032     0.383458
33652.162000     0.085027    -0.039028     1.324032    -0.454914     0.614545    -0.518015     0.383467
33652.262000     0.085052    -0.039032     1.324030    -0.454936     0.614539    -0.517998     0.383476
33652.362000     0.085441    -0.039107     1.324007    -0.455017     0.614600    -0.517901     0.383412
33652.462000     0.085463    -0.039110     1.324005    -0.455038     0.614594    -0.517884     0.383420
33652.562000     0.085124    -0.039042     1.324022    -0.454999     0.614522    -0.517944     0.383500
33652.663000     0.085145    -0.039045     1.324020    -0.455020     0.614517    -0.517926     0.383508
33652.762000     0.085531    -0.039119     1.323997    -0.455103     0.614578    -0.517828     0.383444
33652.862000     0.085187    -0.039050     1.324015    -0.455063     0.614506    -0.517889     0.383524
33652.962000     0.085572    -0.039124     1.323993    -0.455146     0.614567    -0.517792     0.383459
33653.062000     0.085592    -0.039126     1.323990    -0.455167     0.614562    -0.517773     0.383467
33653.163000     0.085247    -0.039056     1.324008    -0.455128     0.614489    -0.517834     0.383548
33653.262000     0.085266    -0.039058     1.324006    -0.455149     0.614484    -0.517816     0.383556
33653.362000     0.085284    -0.039060     1.324004    -0.455170     0.614478    -0.517798     0.383564
33653.462000     0.085303    -0.039062     1.324002    -0.455192     0.614473    -0.517780     0.383572
33653.562000     0.085321    -0.039063     1.324000    -0.455213     0.614467    -0.517762     0.383580
33653.663000     0.085338    -0.039065     1.323998    -0.455234     0.614461    -0.517744     0.383588
33653.762000     0.085356    -0.039066     1.323996    -0.455255     0.614455    -0.517727     0.383597
33653.862000     0.085737    -0.039139     1.323974    -0.455337     0.614516    -0.517630     0.383533
33653.962000     0.085389    -0.039069     1.323992    -0.455297     0.614443    -0.517692     0.383614
33654.062000     0.085770    -0.039141     1.323970    -0.455379     0.614504    -0.517595     0.383550
33654.162000     0.085422    -0.039071     1.323989    -0.455339     0.614431    -0.517657     0.383631
33654.262000     0.085438    -0.039072     1.323987    -0.455359     0.614425    -0.517640     0.383640
33654.362000     0.085818    -0.039144     1.323965    -0.455441     0.614485    -0.517543     0.383576
33654.462000     0.085469    -0.039074     1.323983    -0.455401     0.614411    -0.517605     0.383658
33654.562000     0.085484    -0.039074     1.323981    -0.455422     0.614405    -0.517589     0.383667
33654.663000     0.085863    -0.039146     1.323959    -0.455503     0.614465    -0.517493     0.383603
33654.762000     0.085877    -0.039146     1.323958    -0.455523     0.614458    -0.517476     0.383612
33654.863000     0.085527    -0.039076     1.323976    -0.455482     0.614385    -0.517539     0.383694
33654.962000     0.085906    -0.039147     1.323954    -0.455564     0.614444    -0.517443     0.383630
33655.062000     0.085555    -0.039076     1.323973    -0.455523     0.614371    -0.517506     0.383712
33655.162000     0.085568    -0.039077     1.323972    -0.455543     0.614363    -0.517490     0.383722
33655.262000     0.085581    -0.039077     1.323970    -0.455563     0.614356    -0.517474     0.383731
33655.362000     0.085594    -0.039077     1.323969    -0.455583     0.614349    -0.517458     0.383741
33655.463000     0.085607    -0.039077     1.323967    -0.455603     0.614342    -0.517442     0.383750
33655.562000     0.085620    -0.039077     1.323966    -0.455623     0.614334    -0.517426     0.383760
33655.662000     0.085997    -0.039147     1.323944    -0.455704     0.614393    -0.517331     0.383697
33655.762000     0.085644    -0.039076     1.323963    -0.455663     0.614319    -0.517394     0.383779
33655.862000     0.085656    -0.039076     1.323961    -0.455682     0.614311    -0.517379     0.383789
33655.962000     0.086032    -0.039146     1.323939    -0.455763     0.614370    -0.517284     0.383727
33656.062000     0.085679    -0.039075     1.323958    -0.455722     0.614296    -0.517348     0.383809
33656.162000     0.085690    -0.039075     1.323957    -0.455741     0.614288    -0.517332     0.383819
33656.262000     0.085701    -0.039074     1.323956    -0.455761     0.614280    -0.517317     0.383829
33656.362000     0.086077    -0.039144     1.323934    -0.455841     0.614339    -0.517223     0.383767
33656.462000     0.085723    -0.039073     1.323953    -0.455800     0.614264    -0.517287     0.383850
33656.562000     0.085733    -0.039072     1.323952    -0.455819     0.614256    -0.517272     0.383860
33656.662000     0.086108    -0.039142     1.323930    -0.455900     0.614314    -0.517178     0.383798
33656.762000     0.086118    -0.039141     1.323929    -0.455919     0.614306    -0.517163     0.383808
33656.863000     0.086128    -0.039140     1.323928    -0.455938     0.614298    -0.517148     0.383818
33656.962000     0.085773    -0.039068     1.323947    -0.455897     0.614223    -0.517212     0.383902
33657.062000     0.085782    -0.039067     1.323946    -0.455915     0.614214    -0.517198     0.383912
33657.162000     0.085792    -0.039066     1.323945    -0.455935     0.614206    -0.517183     0.383922
33657.262000     0.085801    -0.039065     1.323944    -0.455954     0.614197    -0.517169     0.383933
33657.363000     0.085810    -0.039064     1.323943    -0.455973     0.614189    -0.517154     0.383944
33657.462000     0.085819    -0.039063     1.323941    -0.455992     0.614180    -0.517140     0.383955
33657.562000     0.085827    -0.039061     1.323940    -0.456011     0.614171    -0.517125     0.383965
33657.662000     0.085836    -0.039060     1.323939    -0.456029     0.614162    -0.517111     0.383976
