21473.672000     0.018827    -0.012366     1.325996    -0.499748     0.499708    -0.500303     0.500241
21473.672000     0.018827    -0.012366     1.325996    -0.499748     0.499708    -0.500303     0.500241
21473.691000     0.018827    -0.012366     1.325996    -0.499748     0.499708    -0.500303     0.500241
21473.791000     0.019249    -0.012455     1.325989    -0.499807     0.499770    -0.500210     0.500213
21473.891000     0.019268    -0.012458     1.325986    -0.499814     0.499748    -0.500201     0.500237
21473.991000     0.019266    -0.012457     1.325983    -0.499820     0.499723    -0.500195     0.500262
21474.091000     0.018847    -0.012366     1.325982    -0.499766     0.499604    -0.500283     0.500347
21474.191000     0.018819    -0.012361     1.325981    -0.499771     0.499577    -0.500279     0.500373
21474.291000     0.018813    -0.012360     1.325980    -0.499781     0.499555    -0.500269     0.500394
21474.392000     0.018805    -0.012359     1.325979    -0.499792     0.499535    -0.500258     0.500414
21474.491000     0.019113    -0.012641     1.326001     0.497413    -0.502232     0.502594    -0.497738
21474.591000     0.019137    -0.012652     1.325995     0.497305    -0.502308     0.502700    -0.497662
21474.691000     0.018721    -0.012556     1.325992     0.497239    -0.502177     0.502800    -0.497759
21474.791000     0.019124    -0.012646     1.325986     0.497303    -0.502242     0.502704    -0.497726
21474.891000     0.018717    -0.012553     1.325985     0.497249    -0.502124     0.502791    -0.497811
21474.991000     0.019110    -0.012641     1.325981     0.497315    -0.502192     0.502692    -0.497776
21475.091000     0.018846    -0.013028     1.326004     0.492448    -0.507076     0.507461    -0.492800
21475.192000     0.019217    -0.013140     1.325970     0.489890    -0.509640     0.509969    -0.490109
21475.291000     0.019333    -0.013429     1.325978     0.487401    -0.512175     0.512312    -0.487497
21475.392000     0.018053    -0.013469     1.326004     0.484664    -0.514404     0.514955    -0.485088
21475.491000     0.019202    -0.013824     1.325972     0.482266    -0.517037     0.517149    -0.482337
21475.591000     0.017791    -0.013828     1.326003     0.479501    -0.519218     0.519776    -0.479922
21475.691000     0.018699    -0.014381     1.325972     0.474657    -0.523987     0.524143    -0.474775
21475.791000     0.018645    -0.014593     1.325969     0.471789    -0.526591     0.526727    -0.471885
21475.892000     0.018700    -0.014794     1.325966     0.469258    -0.528948     0.528974    -0.469252
21475.991000     0.018354    -0.014956     1.325972     0.466544    -0.531282     0.531377    -0.466599
21476.091000     0.018212    -0.015141     1.325972     0.463880    -0.533610     0.533705    -0.463934
21476.191000     0.017661    -0.015170     1.325973     0.461176    -0.535793     0.536098    -0.461348
21476.292000     0.017484    -0.015337     1.325973     0.458489    -0.538085     0.538403    -0.458666
21476.392000     0.017723    -0.015672     1.325970     0.455818    -0.540486     0.540615    -0.455895
21476.491000     0.016319    -0.015538     1.326002     0.452944    -0.542529     0.543120    -0.453348
21476.591000     0.017407    -0.016025     1.325969     0.450393    -0.545007     0.545146    -0.450476
21476.691000     0.017268    -0.016204     1.325968     0.447708    -0.547221     0.547351    -0.447787
21476.791000     0.016565    -0.016365     1.325970     0.442191    -0.551544     0.551881    -0.442373
21476.891000     0.016327    -0.016607     1.325988     0.439359    -0.553867     0.554098    -0.439512
21476.991000     0.015348    -0.016485     1.326005     0.436464    -0.555894     0.556472    -0.436829
21477.091000     0.016042    -0.016853     1.325974     0.433791    -0.558197     0.558511    -0.433944
21477.191000     0.015864    -0.017011     1.325974     0.430963    -0.560377     0.560699    -0.431121
21477.291000     0.016072    -0.017368     1.325972     0.428203    -0.562629     0.562745    -0.428262
21477.391000     0.015056    -0.017293     1.326000     0.425279    -0.564618     0.565020    -0.425555
21477.491000     0.015373    -0.017493     1.325972     0.422570    -0.566728     0.567057    -0.422730
21477.591000     0.015540    -0.017839     1.325969     0.419766    -0.568933     0.569075    -0.419840
21477.691000     0.015010    -0.017796     1.325971     0.416819    -0.570963     0.571304    -0.416982
21477.792000     0.014695    -0.018104     1.325972     0.411254    -0.574991     0.575321    -0.411414
21477.891000     0.013622    -0.017930     1.325999     0.408096    -0.577001     0.577652    -0.408468
21477.991000     0.014271    -0.018368     1.325975     0.405324    -0.579201     0.579519    -0.405459
21478.092000     0.014092    -0.018513     1.325974     0.402418    -0.581221     0.581543    -0.402554
21478.192000     0.014260    -0.018887     1.325971     0.399549    -0.583326     0.583446    -0.399603
21478.291000     0.013255    -0.018709     1.326001     0.396527    -0.585172     0.585582    -0.396779
21478.391000     0.013068    -0.018841     1.326001     0.393590    -0.587148     0.587564    -0.393843
21478.491000     0.013354    -0.019075     1.325972     0.390712    -0.589143     0.589482    -0.390853
21478.591000     0.012326    -0.018841     1.326003     0.387639    -0.590956     0.591595    -0.387972
21478.691000     0.012530    -0.019296     1.325973     0.381905    -0.594785     0.595286    -0.382118
21478.791000     0.012561    -0.019567     1.325970     0.378896    -0.596787     0.597164    -0.379048
21478.891000     0.012716    -0.019970     1.325967     0.375895    -0.598817     0.598974    -0.375966
21478.991000     0.012359    -0.019917     1.325968     0.372937    -0.600623     0.600864    -0.373004
21479.092000     0.011976    -0.019946     1.325975     0.369867    -0.602465     0.602785    -0.369980
21479.191000     0.011785    -0.020066     1.325974     0.366905    -0.604270     0.604596    -0.367019
21479.291000     0.011575    -0.020183     1.325974     0.363811    -0.606131     0.606467    -0.363929
21479.391000     0.010590    -0.019870     1.326003     0.360711    -0.607769     0.608419    -0.361014
21479.491000     0.011491    -0.020690     1.325970     0.357799    -0.609818     0.609955    -0.357851
21479.591000     0.010981    -0.020535     1.325971     0.354675    -0.611513     0.611862    -0.354797
21479.691000     0.010762    -0.020631     1.325971     0.351610    -0.613274     0.613635    -0.351735
21479.791000     0.009791    -0.020279     1.326001     0.348480    -0.614852     0.615525    -0.348780
21479.891000     0.009699    -0.021100     1.325987     0.342410    -0.618432     0.618738    -0.342725
21479.991000     0.009197    -0.020599     1.326000     0.339197    -0.620027     0.620692    -0.339491
21480.091000     0.009165    -0.020784     1.325997     0.336078    -0.621801     0.622352    -0.336294
21480.191000     0.009484    -0.021224     1.325975     0.333073    -0.623553     0.623891    -0.333172
21480.292000     0.008545    -0.020820     1.326004     0.329887    -0.625040     0.625698    -0.330154
21480.391000     0.009080    -0.021424     1.325971     0.326812    -0.626840     0.627205    -0.326922
21480.491000     0.008117    -0.021366     1.326010     0.320573    -0.629948     0.630451    -0.320827
21480.592000     0.008441    -0.021700     1.325970     0.317366    -0.631672     0.632043    -0.317476
21480.691000     0.007856    -0.021498     1.325990     0.314153    -0.633211     0.633689    -0.314309
21480.791000     0.007282    -0.021295     1.326005     0.310991    -0.634660     0.635315    -0.311232
21480.892000     0.007337    -0.021694     1.326003     0.307821    -0.636322     0.636766    -0.308010
21480.991000     0.007567    -0.022017     1.325973     0.304688    -0.637903     0.638245    -0.304775
21481.091000     0.007335    -0.022078     1.325973     0.301483    -0.639416     0.639773    -0.301572
21481.191000     0.007117    -0.022150     1.325972     0.298307    -0.640900     0.641263    -0.298398
21481.292000     0.006894    -0.022221     1.325971     0.295072    -0.642393     0.642762    -0.295163
21481.391000     0.006255    -0.022043     1.325999     0.291814    -0.643804     0.644279    -0.292004
21481.491000     0.005854    -0.022160     1.326000     0.285493    -0.646635     0.647112    -0.285664
21481.591000     0.005606    -0.022240     1.325997     0.282111    -0.648115     0.648591    -0.282294
21481.691000     0.005142    -0.021941     1.325999     0.278883    -0.649388     0.650091    -0.279109
21481.791000     0.005464    -0.022509     1.325979     0.275713    -0.650940     0.651306    -0.275789
21481.892000     0.004702    -0.022034     1.326004     0.272408    -0.652156     0.652818    -0.272607
21481.991000     0.004689    -0.022420     1.326002     0.269105    -0.653638     0.654091    -0.269267
21482.091000     0.004477    -0.022484     1.326001     0.265825    -0.654980     0.655431    -0.265985
21482.191000     0.004872    -0.023174     1.325971     0.262653    -0.656447     0.656575    -0.262681
21482.291000     0.004641    -0.023221     1.325970     0.259371    -0.657747     0.657881    -0.259400
21482.391000     0.003804    -0.022610     1.326000     0.255973    -0.658883     0.659353    -0.256133
21482.491000     0.003943    -0.023338     1.325973     0.249640    -0.661518     0.661623    -0.249657
21482.591000     0.002915    -0.022336     1.326005     0.246046    -0.662553     0.663219    -0.246220
21482.691000     0.002687    -0.022349     1.326004     0.242760    -0.663752     0.664441    -0.242937
21482.791000     0.002464    -0.022375     1.326003     0.239433    -0.664956     0.665653    -0.239609
21482.891000     0.002433    -0.022779     1.326000     0.236097    -0.666262     0.666740    -0.236242
21482.991000     0.002772    -0.023517     1.325969     0.232845    -0.667595     0.667736    -0.232872
21483.091000     0.002537    -0.023543     1.325969     0.229503    -0.668748     0.668895    -0.229530
21483.191000     0.001446    -0.022670     1.326005     0.222855    -0.670740     0.671351    -0.223005
21483.291000     0.001649    -0.023214     1.325970     0.219402    -0.672003     0.672394    -0.219455
21483.391000     0.001573    -0.023595     1.325973     0.216097    -0.673216     0.673334    -0.216110
21483.491000     0.000841    -0.022914     1.326002     0.212633    -0.674137     0.674584    -0.212752
21483.591000     0.000608    -0.022914     1.326002     0.209253    -0.675189     0.675645    -0.209372
21483.691000     0.000235    -0.022535     1.326004     0.205964    -0.676085     0.676765    -0.206100
21483.791000     0.000638    -0.023648     1.325971     0.202582    -0.677394     0.677533    -0.202599
21483.891000     0.000267    -0.023281     1.325972     0.199207    -0.678280     0.678642    -0.199242
21483.991000     0.000169    -0.023655     1.325969     0.195787    -0.679380     0.679537    -0.195807
21484.092000    -0.000667    -0.022520     1.326001     0.192330    -0.680073     0.680786    -0.192460
21484.191000    -0.000303    -0.023654     1.325968     0.188981    -0.681301     0.681464    -0.189001
21484.292000    -0.000870    -0.023373     1.325973     0.182404    -0.683008     0.683334    -0.182439
21484.392000    -0.001579    -0.022465     1.326000     0.178673    -0.683777     0.684513    -0.178791
21484.491000    -0.001930    -0.022407     1.326020     0.175196    -0.684718     0.685365    -0.175337
21484.591000    -0.002026    -0.022434     1.326005     0.171853    -0.685555     0.686231    -0.171951
21484.691000    -0.001831    -0.023190     1.325974     0.168578    -0.686540     0.686893    -0.168591
21484.791000    -0.002367    -0.022786     1.326001     0.164964    -0.687344     0.687824    -0.165055
21484.891000    -0.002496    -0.023488     1.325982     0.158317    -0.689063     0.689240    -0.158356
21484.992000    -0.003144    -0.022338     1.326001     0.154637    -0.689622     0.690338    -0.154732
21485.091000    -0.002900    -0.023488     1.325967     0.151291    -0.690643     0.690819    -0.151304
21485.191000    -0.003139    -0.023468     1.325971     0.147739    -0.691437     0.691564    -0.147744
21485.291000    -0.003721    -0.022621     1.326000     0.144332    -0.691970     0.692453    -0.144411
21485.391000    -0.003600    -0.023401     1.325969     0.140880    -0.692857     0.693003    -0.140887
21485.492000    -0.003913    -0.022941     1.325971     0.137377    -0.693444     0.693823    -0.137381
21485.591000    -0.004686    -0.022051     1.326001     0.130615    -0.694571     0.695294    -0.130683
21485.691000    -0.004596    -0.022806     1.325969     0.127098    -0.695389     0.695792    -0.127098
21485.791000    -0.005057    -0.022141     1.325997     0.123492    -0.695941     0.696533    -0.123524
21485.892000    -0.005066    -0.022682     1.325975     0.120051    -0.696665     0.697020    -0.120040
21485.991000    -0.005578    -0.021800     1.326004     0.116531    -0.697081     0.697788    -0.116577
21486.092000    -0.005745    -0.022169     1.326002     0.113069    -0.697761     0.698246    -0.113123
21486.191000    -0.005968    -0.022137     1.326001     0.109512    -0.698332     0.698810    -0.109566
21486.291000    -0.006177    -0.022474     1.325973     0.102765    -0.699424     0.699777    -0.102752
21486.391000    -0.006657    -0.021512     1.325999     0.099066    -0.699757     0.700504    -0.099099
21486.491000    -0.006632    -0.022650     1.325975     0.095557    -0.700551     0.700691    -0.095553
21486.591000    -0.006858    -0.022246     1.325974     0.092055    -0.700921     0.701260    -0.092029
21486.691000    -0.007287    -0.021720     1.326002     0.088523    -0.701301     0.701782    -0.088560
21486.791000    -0.007513    -0.021241     1.326004     0.085055    -0.701623     0.702320    -0.085070
21486.891000    -0.007719    -0.021573     1.326001     0.081503    -0.702146     0.702638    -0.081536
21486.991000    -0.007934    -0.021513     1.326000     0.077990    -0.702548     0.703034    -0.078023
21487.092000    -0.008172    -0.022230     1.325969     0.071185    -0.703441     0.703588    -0.071177
21487.191000    -0.008406    -0.022137     1.325973     0.067501    -0.703826     0.703931    -0.067489
21487.291000    -0.008776    -0.020743     1.326004     0.063971    -0.703859     0.704555    -0.063965
21487.391000    -0.008828    -0.021520     1.325974     0.060474    -0.704340     0.704696    -0.060432
21487.491000    -0.009041    -0.021428     1.325973     0.056986    -0.704625     0.704992    -0.056943
21487.591000    -0.009259    -0.021335     1.325972     0.053398    -0.704901     0.705277    -0.053354
21487.692000    -0.009628    -0.020795     1.326000     0.049843    -0.705097     0.705598    -0.049855
21487.791000    -0.009685    -0.021166     1.325971     0.046350    -0.705399     0.705776    -0.046304
21487.891000    -0.010106    -0.021381     1.325970     0.039475    -0.705921     0.706089    -0.039444
21487.991000    -0.010376    -0.021260     1.325973     0.035728    -0.706112     0.706296    -0.035721
21488.091000    -0.010607    -0.019896     1.326000     0.032207    -0.706009     0.706739    -0.032173
21488.191000    -0.010783    -0.019988     1.325997     0.028631    -0.706232     0.706824    -0.028583
21488.291000    -0.010937    -0.020487     1.325976     0.025162    -0.706483     0.706837    -0.025102
21488.391000    -0.011204    -0.020842     1.325972     0.021604    -0.706713     0.706841    -0.021584
21488.491000    -0.011390    -0.019437     1.326004     0.018122    -0.706528     0.707222    -0.018071
21488.592000    -0.011545    -0.020189     1.325973     0.014565    -0.706775     0.707139    -0.014500
21488.691000    -0.011816    -0.020487     1.325970     0.011104    -0.706943     0.707097    -0.011082
21488.791000    -0.011969    -0.019092     1.326002     0.007495    -0.706711     0.707424    -0.007433
21488.891000    -0.012145    -0.019836     1.325971     0.003963    -0.706906     0.707286    -0.003893
21488.991000    -0.012435    -0.019252     1.325999     0.000402    -0.706854     0.707360    -0.000379
21489.091000    -0.012756    -0.018801     1.326005    -0.006521    -0.706764     0.707388     0.006577
21489.191000    -0.013038    -0.019755     1.325969    -0.010212    -0.706947     0.707119     0.010235
21489.291000    -0.013075    -0.017849     1.326021    -0.013788    -0.706542     0.707400     0.013875
21489.391000    -0.013420    -0.019463     1.325973    -0.017242    -0.706833     0.706960     0.017269
21489.491000    -0.013456    -0.018065     1.326004    -0.020751    -0.706456     0.707145     0.020841
21489.591000    -0.013750    -0.018328     1.326002    -0.024341    -0.706449     0.706925     0.024381
21489.691000    -0.013938    -0.018209     1.326001    -0.027877    -0.706321     0.706792     0.027917
21489.791000    -0.014196    -0.018947     1.325971    -0.031375    -0.706345     0.706475     0.031402
21489.891000    -0.014384    -0.018803     1.325971    -0.034908    -0.706177     0.706311     0.034936
21489.991000    -0.014570    -0.018660     1.325969    -0.038404    -0.705990     0.706135     0.038434
21490.092000    -0.014772    -0.017826     1.325980    -0.045309    -0.705462     0.705839     0.045405
21490.191000    -0.014973    -0.017792     1.325974    -0.049033    -0.705228     0.705575     0.049129
21490.292000    -0.015150    -0.017640     1.325974    -0.052555    -0.704972     0.705323     0.052654
21490.391000    -0.015479    -0.017883     1.325971    -0.056078    -0.704808     0.704948     0.056114
21490.491000    -0.015507    -0.017349     1.325973    -0.059602    -0.704411     0.704761     0.059702
21490.591000    -0.015674    -0.017176     1.325972    -0.063124    -0.704096     0.704462     0.063229
21490.691000    -0.015844    -0.016547     1.325999    -0.066595    -0.703711     0.704210     0.066666
21490.791000    -0.016024    -0.016886     1.325971    -0.070089    -0.703436     0.703802     0.070195
21490.892000    -0.016230    -0.015878     1.326005    -0.077042    -0.702580     0.703201     0.077162
21490.991000    -0.016515    -0.016387     1.325970    -0.080705    -0.702287     0.702671     0.080821
21491.091000    -0.016865    -0.016605     1.325967    -0.084248    -0.701981     0.702154     0.084293
21491.191000    -0.016889    -0.016245     1.325968    -0.087686    -0.701527     0.701759     0.087786
21491.291000    -0.016801    -0.015138     1.326001    -0.091184    -0.700883     0.701503     0.091337
21491.391000    -0.017119    -0.015230     1.326003    -0.094756    -0.700496     0.700951     0.094841
21491.491000    -0.017079    -0.014704     1.326004    -0.098185    -0.699910     0.700581     0.098349
21491.591000    -0.017668    -0.015723     1.325971    -0.101737    -0.699676     0.699817     0.101781
21491.691000    -0.017627    -0.015190     1.325972    -0.105232    -0.699048     0.699399     0.105356
21491.791000    -0.017505    -0.014168     1.326001    -0.108666    -0.698343     0.699043     0.108848
21491.891000    -0.018133    -0.015185     1.325969    -0.112219    -0.698062     0.698221     0.112269
21491.992000    -0.018295    -0.015022     1.325969    -0.115713    -0.697495     0.697646     0.115760
21492.091000    -0.017931    -0.013242     1.326003    -0.122412    -0.695988     0.696830     0.122650
21492.191000    -0.018195    -0.013284     1.326000    -0.126119    -0.695395     0.696106     0.126320
21492.291000    -0.018940    -0.014459     1.325966    -0.129632    -0.695109     0.695131     0.129661
21492.391000    -0.018474    -0.012956     1.326004    -0.133047    -0.694139     0.694778     0.133239
21492.491000    -0.018576    -0.012724     1.326004    -0.136475    -0.693457     0.694126     0.136679
21492.591000    -0.019282    -0.013688     1.325972    -0.140012    -0.693033     0.693170     0.140065
21492.691000    -0.019434    -0.013514     1.325971    -0.143514    -0.692321     0.692449     0.143562
21492.791000    -0.019216    -0.012530     1.326001    -0.146908    -0.691435     0.691895     0.147028
21492.891000    -0.019827    -0.012918     1.325971    -0.153768    -0.690095     0.690262     0.153823
21492.991000    -0.019505    -0.011989     1.325990    -0.157329    -0.689129     0.689594     0.157508
21493.091000    -0.020055    -0.012478     1.325974    -0.160772    -0.688519     0.688643     0.160826
21493.191000    -0.019943    -0.011995     1.325974    -0.164206    -0.687600     0.687918     0.164353
21493.292000    -0.020316    -0.012106     1.325972    -0.167654    -0.686871     0.687003     0.167711
21493.391000    -0.020045    -0.011158     1.326001    -0.171012    -0.685875     0.686323     0.171146
21493.491000    -0.020294    -0.011391     1.325973    -0.174492    -0.685051     0.685387     0.174649
21493.591000    -0.020671    -0.011494     1.325970    -0.177937    -0.684270     0.684419     0.178000
21493.691000    -0.020093    -0.010241     1.326001    -0.181262    -0.683115     0.683778     0.181509
21493.791000    -0.020615    -0.010766     1.325971    -0.184745    -0.682344     0.682702     0.184916
21493.892000    -0.020859    -0.010394     1.325972    -0.191365    -0.680526     0.680868     0.191526
21493.991000    -0.020471    -0.009415     1.325999    -0.194883    -0.679339     0.680025     0.195155
21494.091000    -0.021285    -0.010172     1.325975    -0.198373    -0.678634     0.678768     0.198438
21494.191000    -0.020663    -0.009005     1.326004    -0.201677    -0.677381     0.678014     0.201937
21494.292000    -0.020740    -0.008793     1.326003    -0.205023    -0.676368     0.677013     0.205293
21494.392000    -0.021314    -0.009293     1.325974    -0.208509    -0.675473     0.675803     0.208685
21494.492000    -0.021405    -0.009080     1.325973    -0.211889    -0.674417     0.674753     0.212069
21494.591000    -0.021312    -0.008455     1.326000    -0.215261    -0.673288     0.673747     0.215433
21494.691000    -0.021597    -0.008665     1.325972    -0.218618    -0.672264     0.672602     0.218801
21494.791000    -0.021477    -0.008029     1.325999    -0.221981    -0.671098     0.671563     0.222159
21494.891000    -0.021769    -0.008242     1.325971    -0.225266    -0.670065     0.670402     0.225452
21494.992000    -0.022225    -0.008026     1.325974    -0.231935    -0.667883     0.668062     0.232016
21495.091000    -0.021461    -0.006900     1.325999    -0.235335    -0.666411     0.667072     0.235643
21495.191000    -0.021844    -0.006933     1.326003    -0.238708    -0.665355     0.665775     0.238883
21495.291000    -0.021928    -0.006723     1.326002    -0.242077    -0.664134     0.664558     0.242254
21495.392000    -0.021996    -0.006512     1.326002    -0.245339    -0.662935     0.663360     0.245519
21495.492000    -0.022060    -0.006293     1.326001    -0.248651    -0.661698     0.662125     0.248834
21495.592000    -0.022122    -0.006073     1.326000    -0.251955    -0.660442     0.660877     0.252143
21495.691000    -0.022760    -0.006484     1.325970    -0.255338    -0.659316     0.659447     0.255412
21495.791000    -0.022241    -0.005633     1.325999    -0.258540    -0.657886     0.658330     0.258737
21495.891000    -0.022539    -0.005520     1.325977    -0.264972    -0.655389     0.655697     0.265171
21495.991000    -0.022631    -0.005325     1.325975    -0.268391    -0.653999     0.654301     0.268592
21496.091000    -0.023034    -0.005327     1.325972    -0.271683    -0.652754     0.652876     0.271760
21496.191000    -0.022136    -0.004289     1.326002    -0.274811    -0.651146     0.651755     0.275142
21496.292000    -0.022522    -0.004276     1.326000    -0.278159    -0.649834     0.650271     0.278371
21496.391000    -0.022579    -0.004061     1.325999    -0.281408    -0.648436     0.648869     0.281619
21496.491000    -0.022618    -0.003836     1.325999    -0.284646    -0.647019     0.647454     0.284861
21496.591000    -0.022654    -0.003615     1.325998    -0.287816    -0.645613     0.646051     0.288035
21496.691000    -0.022355    -0.002967     1.326000    -0.294054    -0.642671     0.643293     0.294415
21496.791000    -0.022753    -0.002924     1.325997    -0.297550    -0.641176     0.641624     0.297784
21496.891000    -0.022493    -0.002575     1.326001    -0.300653    -0.639664     0.640195     0.300979
21496.991000    -0.022784    -0.002455     1.326002    -0.303928    -0.638198     0.638611     0.304150
21497.091000    -0.022827    -0.002238     1.326002    -0.307125    -0.636671     0.637074     0.307344
21497.191000    -0.023141    -0.002354     1.325973    -0.310295    -0.635185     0.635481     0.310517
21497.291000    -0.022855    -0.001780     1.326001    -0.313464    -0.633562     0.633982     0.313698
21497.391000    -0.022566    -0.001177     1.326003    -0.319594    -0.630382     0.630958     0.319953
21497.491000    -0.023601    -0.001595     1.325968    -0.322969    -0.628937     0.629089     0.323074
21497.591000    -0.022878    -0.000947     1.325990    -0.326011    -0.627189     0.627597     0.326302
21497.691000    -0.023552    -0.001080     1.325976    -0.329183    -0.625723     0.625848     0.329277
21497.791000    -0.023646    -0.000890     1.325972    -0.332382    -0.624045     0.624147     0.332461
21497.891000    -0.023653    -0.000650     1.325972    -0.335558    -0.622340     0.622446     0.335640
21497.991000    -0.023262    -0.000270     1.325973    -0.338534    -0.620596     0.620880     0.338768
21498.091000    -0.023639    -0.000176     1.325971    -0.341700    -0.618976     0.619100     0.341796
21498.192000    -0.023260     0.000424     1.325972    -0.347698    -0.615500     0.615793     0.347943
21498.291000    -0.023646     0.000532     1.325967    -0.350934    -0.613770     0.613919     0.351048
21498.392000    -0.023654     0.000764     1.325973    -0.354014    -0.612041     0.612128     0.354089
21498.491000    -0.023239     0.001122     1.325975    -0.356960    -0.610194     0.610455     0.357193
21498.591000    -0.023202     0.001366     1.325974    -0.360067    -0.608351     0.608632     0.360316
21498.691000    -0.023188     0.001588     1.325971    -0.363046    -0.606564     0.606864     0.363309
21498.791000    -0.022787     0.002331     1.326002    -0.368902    -0.602973     0.603365     0.369170
21498.891000    -0.022793     0.002562     1.326002    -0.372098    -0.601015     0.601394     0.372358
21498.991000    -0.023136     0.002513     1.325974    -0.375111    -0.599205     0.599462     0.375354
21499.091000    -0.023079     0.002755     1.325974    -0.378149    -0.597280     0.597552     0.378406
21499.191000    -0.023464     0.002890     1.325971    -0.381183    -0.595473     0.595592     0.381288
21499.291000    -0.023046     0.003204     1.325972    -0.384051    -0.593502     0.593774     0.384309
21499.391000    -0.022621     0.003701     1.325999    -0.387052    -0.591475     0.591874     0.387342
21499.491000    -0.022600     0.003923     1.325999    -0.390012    -0.589531     0.589925     0.390298
21499.592000    -0.023594     0.004239     1.325957    -0.395885    -0.585854     0.585984     0.395819
21499.692000    -0.023293     0.004301     1.325968    -0.398893    -0.583753     0.583881     0.398999
21499.791000    -0.022438     0.004828     1.325997    -0.401713    -0.581611     0.582012     0.402016
21499.892000    -0.023119     0.004782     1.325975    -0.404715    -0.579749     0.579849     0.404811
21499.991000    -0.021905     0.005332     1.326004    -0.407419    -0.577528     0.578033     0.407860
21500.091000    -0.022645     0.005272     1.325974    -0.410413    -0.575595     0.575843     0.410678
21500.191000    -0.022585     0.005500     1.325974    -0.413282    -0.573531     0.573788     0.413556
21500.292000    -0.022530     0.005725     1.325973    -0.416142    -0.571454     0.571716     0.416421
21500.391000    -0.022077     0.006167     1.326000    -0.418979    -0.569307     0.569688     0.419288
21500.491000    -0.022430     0.006171     1.325971    -0.421833    -0.567265     0.567527     0.422115
21500.591000    -0.021803     0.006870     1.326009    -0.427187    -0.563131     0.563573     0.427529
21500.691000    -0.021837     0.007048     1.325998    -0.430277    -0.560812     0.561194     0.430596
21500.791000    -0.021743     0.007175     1.325990    -0.433052    -0.558675     0.559021     0.433410
21500.891000    -0.022487     0.007277     1.325973    -0.435945    -0.556650     0.556739     0.436045
21500.992000    -0.021175     0.007707     1.326004    -0.438534    -0.554259     0.554753     0.439014
21501.091000    -0.022363     0.007726     1.325972    -0.441545    -0.552218     0.552307     0.441646
21501.191000    -0.021449     0.008130     1.326001    -0.444168    -0.549893     0.550245     0.444480
21501.291000    -0.021366     0.008344     1.326000    -0.446911    -0.547663     0.548017     0.447228
21501.391000    -0.021282     0.008557     1.326000    -0.449639    -0.545420     0.545779     0.449963
21501.491000    -0.020773     0.008755     1.326001    -0.452242    -0.543116     0.543618     0.452749
21501.591000    -0.021942     0.008829     1.325969    -0.455136    -0.541046     0.541161     0.455264
21501.691000    -0.020931     0.009363     1.325999    -0.460343    -0.536407     0.536760     0.460695
21501.792000    -0.020834     0.009609     1.325998    -0.463105    -0.534020     0.534387     0.463451
21501.891000    -0.021164     0.009670     1.325973    -0.465818    -0.531754     0.531976     0.466105
21501.991000    -0.020185     0.009984     1.326003    -0.468329    -0.529311     0.529791     0.468850
21502.091000    -0.020951     0.010089     1.325973    -0.471101    -0.527068     0.527298     0.471403
21502.191000    -0.020409     0.010435     1.326000    -0.473708    -0.524643     0.524995     0.474057
21502.291000    -0.019901     0.010587     1.326001    -0.476210    -0.522226     0.522706     0.476742
21502.391000    -0.019866     0.010995     1.326005    -0.481373    -0.517528     0.517952     0.481840
21502.491000    -0.020852     0.011193     1.325969    -0.484225    -0.515172     0.515285     0.484361
21502.591000    -0.020519     0.011316     1.325968    -0.486718    -0.512770     0.512898     0.486938
21502.691000    -0.020312     0.011334     1.325969    -0.486782    -0.512598     0.512843     0.487114
21502.791000    -0.020318     0.011333     1.325963    -0.486748    -0.512595     0.512876     0.487114
21502.891000    -0.020322     0.011332     1.325959    -0.486722    -0.512602     0.512902     0.487107
21502.991000    -0.019742     0.011637     1.326000    -0.489204    -0.510222     0.510566     0.489567
21503.091000    -0.019768     0.011649     1.325993    -0.489304    -0.510099     0.510472     0.489692
21503.191000    -0.019770     0.011648     1.325989    -0.489270    -0.510096     0.510507     0.489694
21503.291000    -0.019771     0.011647     1.325985    -0.489243    -0.510100     0.510534     0.489688
21503.391000    -0.019351     0.011575     1.325984    -0.489123    -0.510043     0.510623     0.489775
21503.491000    -0.019744     0.011643     1.325980    -0.489188    -0.510111     0.510586     0.489677
21503.591000    -0.019760     0.011646     1.325979    -0.489170    -0.510123     0.510605     0.489662
21503.691000    -0.019335     0.011573     1.325979    -0.489054    -0.510070     0.510690     0.489745
21503.791000    -0.019728     0.011642     1.325977    -0.489123    -0.510141     0.510650     0.489644
21503.892000    -0.019737     0.011645     1.325976    -0.489107    -0.510155     0.510668     0.489627
21503.991000    -0.019310     0.011572     1.325977    -0.488992    -0.510104     0.510751     0.489708
21504.091000    -0.019632     0.011835     1.325975    -0.491689    -0.507647     0.508176     0.492234
21504.191000    -0.019645     0.011846     1.325997    -0.491870    -0.507644     0.507996     0.492241
21504.291000    -0.019653     0.011845     1.325991    -0.491839    -0.507644     0.508027     0.492240
21504.391000    -0.019239     0.011769     1.325989    -0.491712    -0.507580     0.508123     0.492334
21504.491000    -0.019213     0.011763     1.325986    -0.491680    -0.507581     0.508153     0.492334
21504.591000    -0.019211     0.011762     1.325984    -0.491655    -0.507588     0.508178     0.492327
21504.691000    -0.019206     0.011762     1.325982    -0.491632    -0.507596     0.508201     0.492318
21504.791000    -0.019200     0.011761     1.325980    -0.491610    -0.507605     0.508223     0.492308
21504.891000    -0.019193     0.011761     1.325979    -0.491588    -0.507615     0.508244     0.492297
21504.992000    -0.019185     0.011760     1.325978    -0.491568    -0.507626     0.508264     0.492285
21505.092000    -0.019176     0.011760     1.325978    -0.491548    -0.507638     0.508284     0.492273
21505.192000    -0.019589     0.011836     1.325975    -0.491623    -0.507713     0.508239     0.492165
21505.292000    -0.019171     0.011761     1.325977    -0.491512    -0.507664     0.508320     0.492244
21505.392000    -0.019571     0.011835     1.325975    -0.491585    -0.507738     0.508277     0.492139
